name: nanomonsv
channels:
  - bioconda
  - conda-forge
dependencies:
  - _libgcc_mutex=0.1=conda_forge
  - _openmp_mutex=4.5=2_gnu
  - bedtools=2.30.0=h468198e_3
  - bwa=0.7.17=he4a0461_11
  - bzip2=1.0.8=hd590300_5
  - c-ares=1.27.0=hd590300_0
  - ca-certificates=2024.2.2=hbcca054_0
  - cached-property=1.5.2=hd8ed1ab_1
  - cached_property=1.5.2=pyha770c72_1
  - entrez-direct=21.6=he881be0_0
  - gettext=0.21.1=h27087fc_0
  - h5py=3.9.0=nompi_py310h367e799_100
  - hdf5=1.14.0=nompi_h5231ba7_103
  - hmmer=3.4=hdbdd923_1
  - htslib=1.15.1=h6bc39ce_1
  - k8=0.2.5=hdcf5f25_4
  - keyutils=1.6.1=h166bdaf_0
  - krb5=1.20.1=hf9c8cef_0
  - ld_impl_linux-64=2.40=h41732ed_0
  - libaec=1.1.3=h59595ed_0
  - libblas=3.9.0=21_linux64_openblas
  - libcblas=3.9.0=21_linux64_openblas
  - libcurl=7.87.0=h6312ad2_0
  - libdeflate=1.13=h166bdaf_0
  - libedit=3.1.20191231=he28a2e2_2
  - libev=4.33=hd590300_2
  - libffi=3.4.2=h7f98852_5
  - libgcc-ng=13.2.0=h807b86a_5
  - libgfortran-ng=13.2.0=h69a702a_5
  - libgfortran5=13.2.0=ha4646dd_5
  - libgomp=13.2.0=h807b86a_5
  - libidn2=2.3.7=hd590300_0
  - liblapack=3.9.0=21_linux64_openblas
  - libnghttp2=1.51.0=hdcd2b5c_0
  - libnsl=2.0.1=hd590300_0
  - libopenblas=0.3.26=pthreads_h413a1c8_0
  - libsqlite=3.45.2=h2797004_0
  - libssh2=1.10.0=haa6b8db_3
  - libstdcxx-ng=13.2.0=h7e041cc_5
  - libunistring=0.9.10=h7f98852_0
  - libuuid=2.38.1=h0b41bf4_0
  - libzlib=1.2.13=hd590300_5
  - mafft=7.407=hf484d3e_2
  - minimap2=2.24=h7132678_1
  - nanomonsv=0.7.0=pyhdfd78af_0
  - ncurses=6.4.20240210=h59595ed_0
  - numpy=1.23.0=py310h53a5b5f_0
  - openssl=1.1.1w=hd590300_0
  - parasail-python=1.2.4=py310hc8f18ef_2
  - pcre=8.45=h9c3ff4c_0
  - perl=5.26.2=h36c2ea0_1008
  - perl-archive-tar=2.32=pl526_0
  - perl-carp=1.38=pl526_3
  - perl-common-sense=3.74=pl526_2
  - perl-compress-raw-bzip2=2.087=pl526he1b5a44_0
  - perl-compress-raw-zlib=2.087=pl526hc9558a2_0
  - perl-exporter=5.72=pl526_1
  - perl-exporter-tiny=1.002001=pl526_0
  - perl-extutils-makemaker=7.36=pl526_1
  - perl-io-compress=2.087=pl526he1b5a44_0
  - perl-io-zlib=1.10=pl526_2
  - perl-json=4.02=pl526_0
  - perl-json-xs=2.34=pl526h6bb024c_3
  - perl-list-moreutils=0.428=pl526_1
  - perl-list-moreutils-xs=0.428=pl526_0
  - perl-pathtools=3.75=pl526h14c3975_1
  - perl-scalar-list-utils=1.52=pl526h516909a_0
  - perl-text-soundex=3.05=pl526_1000
  - perl-types-serialiser=1.0=pl526_2
  - perl-xsloader=0.24=pl526_0
  - pip=24.0=pyhd8ed1ab_0
  - pysam=0.19.1=py310hff46b53_1
  - python=3.10.8=h257c98d_0_cpython
  - python_abi=3.10=4_cp310
  - racon=1.4.3=he513fc3_0
  - readline=8.2=h8228510_1
  - repeatmasker=4.1.1=pl5262hdfd78af_2
  - rmblast=2.14.1=h4565617_0
  - setuptools=69.2.0=pyhd8ed1ab_0
  - tk=8.6.13=noxft_h4845f30_101
  - trf=4.09.1=h031d066_4
  - tzdata=2024a=h0c530f3_0
  - wget=1.20.3=ha56f1ee_1
  - wheel=0.43.0=pyhd8ed1ab_0
  - xz=5.2.6=h166bdaf_0
  - zlib=1.2.13=hd590300_5
  - pip:
      - annot-utils==0.3.1
